m1=100;
m2=50;
k1=5;
k2=2;
b=50;
